###双足行走

P0=0.0 ,-27.0 ,27.0 ,0.0 ,27.0 ,27.0 ,0.0 ,;
V0=0.0 ,-5.0 ,5.0 ,0.0 ,5.0 ,5.0 ,0.0 ,;

P1=0.0 ,-55.0 ,27.0 ,0.0 ,5.0 ,10.0 ,0.0 ,;
V1=0.0 ,-5.0 ,0.0 ,0.0 ,-3.929 ,-3.036 ,0.0 ,;

P2=180.0 ,-55.0 ,27.0 ,0.0 ,5.0 ,10.0 ,180.0 ,;
V2=5.0 ,0.0 ,0.0 ,0.0 ,0.0 ,0.0 ,5.0 ,;

P3=180.0 ,-27.0 ,27.0 ,0.0 ,27.0 ,27.0 ,180.0 ,;
V3=0.0 ,5.0 ,0.0 ,0.0 ,3.929 ,3.036 ,0.0 ,;

P4=180.0 ,0.0 ,0.0 ,0.0 ,0.0 ,0.0 ,180.0 ,;
V4=0.0 ,5.0 ,-5.0 ,0.0 ,-5.0 ,-5.0 ,0.0 ,;

P5=180.0 ,27.0 ,-27.0 ,0.0 ,-27.0 ,-27.0 ,180.0 ,;
V5=0.0 ,5.0 ,-5.0 ,0.0 ,-5.0 ,-5.0 ,0.0 ,;

P6=180.0 ,10.0 ,-5.0 ,0.0 ,-27.0 ,-55.0 ,180.0 ,;
V6=0.0 ,-3.036 ,3.929 ,0.0 ,0.0 ,-5.0 ,0.0 ,;

P7=0.0 ,10.0 ,-5.0 ,0.0 ,-27.0 ,-55.0 ,0.0 ,;
V7=-5.0 ,0.0 ,0.0 ,0.0 ,0.0 ,0.0 ,-5.0 ,;

P8=0.0 ,27.0 ,-27.0 ,0.0 ,-27.0 ,-27.0 ,0.0 ,;
V8=0.0 ,3.036 ,-3.929 ,0.0 ,0.0 ,5.0 ,0.0 ,;

P9=0.0 ,0.0 ,0.0 ,0.0 ,0.0 ,0.0 ,0.0 ,;
V9=0.0 ,-5.0 ,5.0 ,0.0 ,5.0 ,5.0 ,0.0 ,;

