P0=223.0 ,-90.0 ,0.0 ,0.0 ,0.0 ,-90.0 ,-223.0 ,;
V0=30.0 ,-12.108 ,0.0 ,0.0 ,0.0 ,-12.108 ,-30.0 ,;

P1=-277.0 ,-90.0 ,0.0 ,0.0 ,0.0 ,-90.0 ,277.0 ,;
V1=-30.0 ,0.0 ,0.0 ,0.0 ,0.0 ,0.0 ,30.0 ,;

P2=-500.0 ,0.0 ,0.0 ,0.0 ,0.0 ,-90.0 ,277.0 ,;
V2=-30.0 ,12.108 ,0.0 ,0.0 ,0.0 ,0.0 ,0.0 ,;

P3=-584.0 ,0.0 ,15.0 ,0.0 ,0.0 ,-90.0 ,277.0 ,;
V3=-30.0 ,0.0 ,5.357 ,0.0 ,0.0 ,0.0 ,0.0 ,;

P4=-324.0 ,-105.0 ,15.0 ,0.0 ,0.0 ,-90.0 ,277.0 ,;
V4=30.0 ,-12.115 ,0.0 ,0.0 ,0.0 ,0.0 ,0.0 ,;

P5=-324.0 ,-105.0 ,15.0 ,0.0 ,0.0 ,0.0 ,510.0 ,;
V5=0.0 ,0.0 ,0.0 ,0.0 ,0.0 ,11.588 ,30.0 ,;

P6=-324.0 ,-105.0 ,15.0 ,0.0 ,-15.0 ,0.0 ,594.0 ,;
V6=0.0 ,0.0 ,0.0 ,0.0 ,-5.357 ,0.0 ,30.0 ,;

P7=-324.0 ,-105.0 ,15.0 ,0.0 ,-15.0 ,-105.0 ,334.0 ,;
V7=0.0 ,0.0 ,0.0 ,0.0 ,0.0 ,-12.115 ,-30.0 ,;

P8=-1524.0 ,-105.0 ,15.0 ,0.0 ,-15.0 ,-105.0 ,1534.0 ,;
V8=-30.0 ,0.0 ,0.0 ,0.0 ,0.0 ,0.0 ,30.0 ,;

P9=-2324.0 ,-105.0 ,15.0 ,0.0 ,-15.0 ,-105.0 ,734.0 ,;
V9=-30.0 ,0.0 ,0.0 ,0.0 ,0.0 ,0.0 ,-30.0 ,;

P10=-2384.0 ,0.0 ,15.0 ,0.0 ,-15.0 ,-105.0 ,734.0 ,;
V10=-30.0 ,12.115 ,0.0 ,0.0 ,0.0 ,0.0 ,0.0 ,;

P11=-2516.0 ,0.0 ,-15.0 ,0.0 ,-15.0 ,-105.0 ,734.0 ,;
V11=30.0 ,0.0 ,-5.357 ,0.0 ,0.0 ,0.0 ,0.0 ,;

P12=-2516.0 ,0.0 ,-15.0 ,0.0 ,-15.0 ,0.0 ,994.0 ,;
V12=0.0 ,0.0 ,0.0 ,0.0 ,0.0 ,12.115 ,30.0 ,;

P13=-2516.0 ,0.0 ,-15.0 ,0.0 ,0.0 ,0.0 ,910.0 ,;
V13=0.0 ,0.0 ,0.0 ,0.0 ,5.357 ,0.0 ,-30.0 ,;

P14=-2500.0 ,0.0 ,0.0 ,0.0 ,0.0 ,0.0 ,910.0 ,;
V14=-30.0 ,0.0 ,5.357 ,0.0 ,0.0 ,0.0 ,0.0 ,;

