P0=0.0 ,0.0 ,1.82 ,0.0 ,19.6 ,0.0 ,0.0 ,;
V0=0.0 ,0.0 ,0.929 ,0.0 ,10.0 ,0.0 ,0.0 ,;

P1=0.0 ,0.0 ,2.6 ,0.0 ,28.0 ,0.0 ,0.0 ,;
V1=0.0 ,0.0 ,0.929 ,0.0 ,10.0 ,0.0 ,0.0 ,;

P2=25.0 ,10.0 ,2.6 ,0.0 ,51.7 ,0.0 ,134.508 ,;
V2=1.859 ,0.743 ,0.0 ,0.0 ,1.762 ,0.0 ,10.0 ,;

P3=75.0 ,10.0 ,25.1 ,0.0 ,90.1 ,0.0 ,468.347 ,;
V3=1.498 ,0.0 ,0.674 ,0.0 ,1.15 ,0.0 ,10.0 ,;

P4=75.0 ,10.0 ,25.1 ,-90.0 ,90.0 ,0.0 ,554.67 ,;
V4=0.0 ,0.0 ,0.0 ,-10.0 ,-0.011 ,0.0 ,9.591 ,;

P5=175.0 ,115.6 ,-115.6 ,-90.0 ,90.0 ,0.0 ,1929.73 ,;
V5=0.727 ,0.768 ,-1.023 ,0.0 ,0.0 ,0.0 ,10.0 ,;

P6=175.0 ,115.6 ,-115.6 ,-90.0 ,0.0 ,0.0 ,2181.73 ,;
V6=0.0 ,0.0 ,0.0 ,0.0 ,-3.571 ,0.0 ,10.0 ,;

P7=175.0 ,97.0 ,-125.6 ,-90.0 ,0.0 ,0.0 ,2181.73 ,;
V7=0.0 ,-10.0 ,-5.376 ,0.0 ,0.0 ,0.0 ,0.0 ,;

P8=175.0 ,0.0 ,-90.0 ,-90.0 ,0.0 ,0.0 ,2181.73 ,;
V8=0.0 ,-10.0 ,3.67 ,0.0 ,0.0 ,0.0 ,0.0 ,;

P9=85.0 ,0.0 ,-90.0 ,0.0 ,0.0 ,0.0 ,2181.73 ,;
V9=-10.0 ,0.0 ,0.0 ,10.0 ,0.0 ,0.0 ,0.0 ,;

P10=-419.0 ,0.0 ,0.0 ,0.0 ,0.0 ,0.0 ,2181.73 ,;
V10=-10.0 ,0.0 ,1.786 ,0.0 ,0.0 ,0.0 ,0.0 ,;



