P0=504.0 ,0.0 ,-90.0 ,0.0 ,0.0 ,0.0 ,0.0 ,;
V0=10.0 ,0.0 ,-1.786 ,0.0 ,0.0 ,0.0 ,0.0 ,;

P1=504.0 ,0.0 ,-90.0 ,0.0 ,45.0 ,0.0 ,-252.0 ,;
V1=0.0 ,0.0 ,0.0 ,0.0 ,1.786 ,0.0 ,-10.0 ,;

P2=594.0 ,0.0 ,-90.0 ,-90.0 ,45.0 ,0.0 ,-252.0 ,;
V2=10.0 ,0.0 ,0.0 ,-10.0 ,0.0 ,0.0 ,0.0 ,;

P3=594.0 ,115.6 ,-115.6 ,-90.0 ,45.0 ,0.0 ,-252.0 ,;
V3=0.0 ,10.0 ,-2.215 ,0.0 ,0.0 ,0.0 ,0.0 ,;

P4=594.0 ,115.6 ,-115.6 ,-90.0 ,90.0 ,0.0 ,-504.0 ,;
V4=0.0 ,0.0 ,0.0 ,0.0 ,1.786 ,0.0 ,-10.0 ,;

P5=494.0 ,10.0 ,25.1 ,90.0 ,90.0 ,0.0 ,-1568.41 ,;
V5=-0.939 ,-0.992 ,1.322 ,1.691 ,0.0 ,0.0 ,-10.0 ,;

P6=494.0 ,10.0 ,25.1 ,0.0 ,90.0 ,0.0 ,-1655.29 ,;
V6=0.0 ,0.0 ,0.0 ,-10.0 ,0.0 ,0.0 ,-9.653 ,;

P7=444.0 ,10.0 ,2.6 ,0.0 ,51.7 ,0.0 ,-1949.42 ,;
V7=-1.7 ,0.0 ,-0.765 ,0.0 ,-1.302 ,0.0 ,-10.0 ,;

P8=419.0 ,0.0 ,2.6 ,0.0 ,28.0 ,0.0 ,-2060.07 ,;
V8=-2.259 ,-0.904 ,0.0 ,0.0 ,-2.142 ,0.0 ,-10.0 ,;

P9=419.0 ,0.0 ,0.0 ,0.0 ,0.0 ,0.0 ,-2060.07 ,;
V9=0.0 ,0.0 ,-0.929 ,0.0 ,-10.0 ,0.0 ,0.0 ,;

